aspec_ratio:1.000000
canvas_wid: 1.678199, canvas_he: 1.678199 
