aspec_ratio:1.600000
canvas_wid: 2.240664, canvas_he: 1.400415 
ambient:0.200000
