aspec_ratio:1.000000
canvas_wid: 2.000000, canvas_he: 2.000000 
